function BestResult = BestResultFound
% 91.38729 l.u.
BestResult = [2
12
6
15
3
11
20
8
16
21
19
7
14
22
17
24
23
4
10
9
13
1
5
18
26
25
32
50
29
47
30
36
49
37
40
44
39
27
45
38
48
33
42
34
28
46
41
35
43
31];