function chromosome = BestChromosome
% Best chromosome found, containing weights for 10 hidden neurons
chromosome = [-0.0258009503363183	0.656467033221670	0.405650518037422	-0.315141321529835	0.232584005295113	0.177540374203090	-0.449532724466203	-0.795321847520569	-0.752312190836106	0.218902385653001	0.578641242275982	-0.193148682675909	0.275783009669827	-0.871921605311057	0.0895808511492647	-0.532983121059868	-0.0489337269622756	-0.983758744524158	-0.739654968345348	0.756346013401165	-0.197710839398699	-0.642480953177340	0.601354282178301	-0.492092579498068	0.742188108579817	0.162213912065911	-0.843549154386557	-0.209608232213592	-0.627503145165339	-0.190132062603141	0.612608088118769	0.122354659069291	-0.0672083077940762	0.219361265740439	0.102226822072381	0.0141482999420961	-0.326725764562699	0.122057434545997	-0.150751641641382	-0.0542473335875047	-0.159462184689167	-0.159797805194671	0.745863120393113	-0.661695795372205	-0.136174765856319	-0.925750541973453	0.488583649593165	-0.566365052829494	0.531707050806093	0.203130992255178	-0.311273877840957	0.345550191401993	-0.482759269046992	0.766999473946040	-0.705550604409965	0.589785663516416	-0.623276561868223	0.169095027021100	0.593854927544262	-0.0341474921082033	-0.819192695427611	-0.702685610366631];